Transfer_function_parameters_(TFP)_for_IIR-shaped_filter_(see_Ibrom_et_al._2007_AFM).
fc:_IIR_cut-off_frequency
Fn:_normalization_parameter
Water_vapour_TFP_are_calculated_for_9_RH_classes.
Other_gases_TFP_are_calculated_on_a_monthly_base_(currently_all_months_together_).
----------------------------------------------------------------------------------
Water vapour TFP              Fn          fc    numerosity
RH class   5 - 15% =     1.73626     1.42099            28
RH class  15 - 25% =     1.23499     1.31017           110
RH class  25 - 35% =     1.36485     1.33294           107
RH class  35 - 45% =     1.30307     1.26190            94
RH class  45 - 55% =     1.30324     1.15637            32
RH class  55 - 65% = -9999.00000 -9999.00000             9
RH class  65 - 75% = -9999.00000 -9999.00000             7
RH class  75 - 85% = -9999.00000 -9999.00000             3
RH class  85 - 95% = -9999.00000 -9999.00000             1

CO2            TFP            Fn          fc
January            =     1.07369     1.03876
February           =     1.07369     1.03876
March              =     1.07369     1.03876
April              =     1.07369     1.03876
May                =     1.07369     1.03876
June               =     1.07369     1.03876
July               =     1.07369     1.03876
August             =     1.07369     1.03876
September          =     1.07369     1.03876
October            =     1.07369     1.03876
November           =     1.07369     1.03876
December           =     1.07369     1.03876

CH4            TFP            Fn          fc
January            = 1.03876 1.03876
February           = 1.03876 1.03876
March              = 1.03876 1.03876
April              = 1.03876 1.03876
May                = 1.03876 1.03876
June               = 1.03876 1.03876
July               = 1.03876 1.03876
August             = 1.03876 1.03876
September          = 1.03876 1.03876
October            = 1.03876 1.03876
November           = 1.03876 1.03876
December           = 1.03876 1.03876

none           TFP            Fn          fc
January            = -9999.00000 -9999.00000
February           = -9999.00000 -9999.00000
March              = -9999.00000 -9999.00000
April              = -9999.00000 -9999.00000
May                = -9999.00000 -9999.00000
June               = -9999.00000 -9999.00000
July               = -9999.00000 -9999.00000
August             = -9999.00000 -9999.00000
September          = -9999.00000 -9999.00000
October            = -9999.00000 -9999.00000
November           = -9999.00000 -9999.00000
December           = -9999.00000 -9999.00000

RH/fc_exponential_fit_parameters_for_water_vapour_spectral_corrections
-----------------------------------
         exp1         exp2         exp3
     0.000000     0.000000     0.259649


High-pass_correction_factor_model_parameters
Model: CF = [c1 * u / (c2 + f_co) + 1] after_Ibrom_et_al_(2007_AFM)
-------------------------------------------------------------------
                   c1          c2
unstable =   0.0100589   0.0069979
stable   =   0.0164712   0.0177670
